687076127262141560036151268023691666838963378604616234267431709266165863041584376303266372704217077864481604936152068905692116094259933567766220264181696536902463584600165960068612708066410263285586206491767734719757106865932625305894168617698286094761539554846297066144710707138266739612366291371735719126261663721575676277668391721867201666642575096139270490740066522564305573016502568923727397275167579616906489971983707356513064716573336482670319743187261767054628206340872931741026422767241594086539569735729497224565752580215906970710725696524564635576116665868301719137157469371627516265573683727436478965662545475701365270723457133966849633376447471837723816384761729558716208165140691296960264511597435671368584714066148362947567676284866430705397134465799631846497571294731636263962397563856294768138719407112967535623916514073363742706346164547597846582768516714127241566476605716026469634725256563866149627326657667175703497152665448607336517971662731216356065093567436131367011713147238468098659956661873700746496479067033591336732069688724567228264725593976395471657737016471565080605816712468805721997191166064620336412573074741706591163997591706433867205693856898265727593626176069871
71732	
62954	
63708	
57092	
63394	
66070	
68832	
69471	
64520	
58401	
62749	
70720	
70577
61852
63154
55290
63382
65715
68857
68897
63733
58945
62041
69094
70870
60807
62820
56662
61473
64965
69888
69744
65560
61403
62258
68898
